40
31 21 21 31 30 30 52 33 30 50 21 22 30 31 10 10 11 53 31 22 11 33 21 31 33 33 33 10 51 32 31 23 22 53 53 33 22 22 21 31 
11 30 11 10 23 53 51 32 31 30 50 51 10 50 10 10 10 52 33 10 30 22 51 21 50 23 31 32 53 10 21 23 53 31 33 32 10 32 51 20 
20 22 23 53 22 10 32 32 11 21 23 32 33 23 32 31 32 51 20 52 31 10 30 10 51 51 52 33 30 51 22 30 10 20 11 53 23 30 53 30 
31 10 33 33 10 22 51 21 51 31 30 51 21 30 53 21 53 50 11 21 31 23 10 50 32 20 21 31 33 52 23 23 10 53 11 11 32 30 10 31 
53 51 52 52 11 30 10 33 20 21 22 53 23 21 22 20 50 50 20 33 10 30 31 52 33 32 21 52 21 53 51 21 50 51 30 30 22 51 23 10 
21 11 20 50 52 11 22 51 53 53 33 30 33 10 32 10 31 50 53 33 23 51 50 21 11 11 32 11 51 32 51 52 23 51 23 11 22 52 53 23 
30 10 53 33 21 52 50 30 53 10 30 33 21 53 11 20 50 52 11 32 32 22 10 30 51 11 31 21 21 51 20 32 10 10 32 23 50 22 23 22 
32 10 51 10 20 32 51 21 20 51 51 20 32 53 11 31 52 10 51 33 30 51 50 31 51 20 22 10 30 53 22 10 21 21 51 51 50 51 30 10 
31 10 10 10 53 53 11 22 51 52 10 32 33 21 51 21 23 30 10 21 32 32 23 53 20 30 53 53 10 51 51 31 20 31 33 21 30 32 30 11 
30 10 23 31 10 21 23 31 32 10 33 23 51 31 23 23 53 10 53 22 10 53 32 53 32 21 53 33 50 22 11 23 22 33 30 33 51 53 50 31 
21 32 21 10 10 22 32 51 30 52 11 51 20 31 50 32 32 32 10 20 33 11 11 50 10 31 10 30 52 33 53 51 32 11 23 53 52 31 22 33 
11 31 22 33 23 21 20 11 32 23 33 22 10 52 52 20 51 52 51 10 20 22 53 51 33 33 33 23 51 52 51 32 31 50 21 53 21 51 10 21 
21 11 52 32 52 11 50 53 32 31 21 22 30 31 50 21 31 30 10 51 51 23 51 11 11 21 32 20 30 20 11 51 32 23 51 32 31 33 32 31 
30 32 11 11 32 30 11 50 11 11 32 21 51 33 32 10 52 53 52 32 10 10 33 53 21 31 53 52 53 30 30 51 31 23 52 32 50 11 53 30 
21 53 11 21 10 10 53 52 53 50 50 31 50 52 23 20 23 32 52 31 52 22 32 11 33 32 51 30 23 30 52 53 52 53 32 22 53 20 20 33 
32 10 22 50 32 32 21 31 22 20 20 20 33 32 21 11 22 10 20 22 53 52 53 21 21 30 50 11 21 30 52 31 10 22 23 51 32 31 52 30 
10 20 53 51 52 33 33 10 32 31 30 11 52 22 32 11 52 20 11 52 22 10 30 23 22 20 21 20 31 32 23 51 11 53 20 32 10 33 11 30 
53 53 23 31 51 30 11 10 53 51 51 51 20 20 32 20 51 50 22 31 23 52 51 50 31 53 30 10 23 51 31 52 32 20 22 31 52 51 23 11 
10 22 20 32 33 23 53 52 23 32 33 52 23 51 33 51 20 30 53 51 50 22 10 51 50 53 21 11 51 11 11 50 31 11 30 20 53 31 23 23 
51 21 51 53 51 51 11 10 51 52 11 52 30 20 52 52 30 22 10 30 52 51 21 10 10 23 51 53 50 53 10 50 10 52 23 33 11 11 50 21 
33 33 50 31 11 21 32 31 23 33 10 52 33 22 31 20 32 50 23 21 51 51 33 30 10 51 11 31 31 50 30 52 33 51 50 50 52 53 50 11 
23 22 11 31 23 33 10 21 30 20 11 52 51 23 32 22 32 21 20 10 30 33 30 30 52 53 10 10 22 11 30 51 21 31 10 51 51 33 11 31 
30 50 50 21 30 22 10 53 22 21 31 11 50 52 23 10 11 30 52 51 53 33 53 20 21 20 31 21 51 50 30 20 52 11 23 33 50 31 53 30 
31 50 20 33 21 21 21 53 51 11 11 11 11 21 23 50 51 30 50 23 50 51 20 23 11 11 30 33 10 50 20 11 33 51 50 21 53 11 53 23 
20 23 11 20 53 11 21 22 53 20 53 23 32 51 11 51 50 11 52 31 32 53 33 33 31 50 11 33 31 31 31 21 30 30 22 53 11 23 22 11 
31 10 23 33 30 30 23 10 11 10 32 51 11 52 30 10 11 20 52 11 31 32 32 51 52 50 20 21 30 31 32 22 30 33 10 10 11 33 21 22 
30 52 51 11 22 21 50 21 30 10 30 23 30 20 31 31 53 53 50 51 10 52 52 50 32 33 30 10 32 52 21 11 32 20 53 10 23 30 50 21 
33 50 51 33 53 52 33 22 52 22 31 20 11 10 50 52 53 33 32 52 20 11 30 21 23 50 50 53 53 53 11 51 52 30 53 21 22 22 20 31 
33 23 21 31 52 32 33 10 33 33 50 33 32 53 11 50 53 53 21 11 31 10 11 32 23 50 21 11 20 31 21 21 52 23 53 30 22 53 10 30 
33 53 10 52 22 20 52 50 50 30 51 11 50 20 20 23 52 11 33 30 33 50 20 50 30 51 23 20 52 31 50 53 10 31 50 30 31 52 33 30 
30 31 33 52 30 53 21 31 53 33 50 31 50 31 11 21 51 50 53 22 21 51 20 52 30 52 52 11 23 33 31 11 21 31 52 11 11 51 52 22 
22 52 51 53 52 22 30 30 21 30 23 22 21 32 50 52 23 32 32 30 10 23 22 50 30 11 31 53 51 52 32 52 22 20 51 31 31 52 52 33 
22 53 31 22 20 30 32 22 50 23 32 21 30 30 53 11 52 32 30 11 52 50 50 53 23 21 20 10 10 20 30 33 32 31 50 50 22 31 23 22 
32 22 30 22 23 23 50 33 20 51 51 53 11 10 53 11 22 30 23 10 53 10 33 20 50 20 11 30 53 50 11 31 33 23 50 32 52 31 33 30 
23 11 22 31 22 31 11 32 32 31 32 20 32 10 53 32 31 20 21 31 50 50 32 30 31 50 11 33 51 53 11 10 51 30 21 50 21 23 51 33 
11 32 53 20 31 32 53 52 31 51 23 31 23 50 53 51 23 30 33 23 10 52 11 33 31 51 52 30 10 52 33 30 50 30 32 53 10 51 52 51 
31 30 11 50 50 10 23 53 31 20 53 51 51 30 32 20 32 20 33 23 52 53 10 50 21 11 11 31 50 53 20 30 51 53 33 53 33 11 33 10 
31 23 53 22 33 23 23 53 10 22 32 11 53 30 52 22 33 50 50 11 52 11 32 10 11 32 33 22 20 10 10 22 20 50 31 51 20 11 21 23 
21 21 10 21 23 21 10 22 30 20 21 23 53 50 10 50 11 33 10 23 21 51 52 30 31 30 30 10 30 23 23 51 10 21 30 21 22 11 20 23 
33 11 21 30 53 10 11 50 51 22 22 51 32 22 20 21 10 32 31 31 30 20 22 33 30 52 50 53 10 32 33 21 22 10 10 30 31 22 32 30 
