30
32 33 11 11 11 52 32 31 30 31 30 22 30 22 10 10 31 31 21 33 21 10 11 30 33 20 33 30 10 20 
51 33 30 33 10 53 51 50 11 23 20 10 51 21 33 30 11 50 51 10 50 52 32 31 52 52 30 50 51 51 
10 30 52 11 11 10 22 53 22 30 52 53 52 30 52 50 11 21 33 51 23 30 31 33 30 52 20 10 10 30 
11 22 22 30 30 10 23 10 30 33 20 32 52 53 21 21 51 53 53 53 52 31 10 11 30 52 51 51 23 20 
20 10 53 20 30 32 20 52 53 20 22 11 21 10 32 31 11 33 23 32 33 31 11 10 31 52 31 20 20 32 
32 32 21 23 50 20 33 10 30 11 33 11 50 21 50 52 52 53 31 31 50 21 10 52 53 50 50 31 30 31 
22 53 32 51 52 32 10 51 33 21 11 10 51 53 53 53 21 31 31 22 23 51 53 52 10 31 32 20 10 21 
30 23 20 20 50 11 52 51 52 31 30 50 32 33 31 30 53 11 33 11 31 50 23 10 11 10 31 23 20 32 
20 22 50 11 33 30 10 31 11 33 11 51 20 30 51 11 52 30 31 11 32 52 23 30 51 23 32 32 51 20 
30 22 53 50 51 22 20 10 53 50 11 32 53 33 32 20 11 10 11 22 50 51 31 50 21 33 10 11 10 32 
23 23 33 21 23 11 11 50 51 51 21 31 11 31 11 50 52 51 51 51 11 50 33 10 21 53 21 50 52 20 
33 23 11 11 11 11 23 33 31 23 51 52 21 33 50 32 30 50 10 52 33 22 51 22 30 11 31 52 11 21 
51 10 53 11 10 10 50 20 33 10 22 53 32 32 11 31 32 51 31 10 20 33 32 20 32 52 21 10 32 32 
32 33 52 31 10 51 23 10 32 22 51 51 11 51 22 51 31 11 33 51 50 30 52 53 20 50 51 52 21 33 
31 11 52 20 32 30 10 53 51 51 50 30 30 23 11 53 53 53 50 22 22 10 51 11 50 50 20 50 11 50 
21 53 53 11 20 53 52 23 51 11 31 21 51 21 21 53 52 53 11 10 11 32 20 31 32 51 30 23 31 32 
10 33 30 52 22 30 23 51 53 20 11 52 31 52 52 32 20 52 50 53 52 50 53 21 33 50 52 50 10 31 
32 22 21 32 20 11 53 32 10 10 22 52 33 31 23 52 11 32 11 32 32 10 32 11 31 31 32 20 33 31 
33 33 20 10 51 33 21 30 52 30 11 32 20 10 23 51 52 33 10 33 52 52 50 50 53 50 11 51 10 52 
22 53 11 51 51 53 51 30 22 20 23 32 51 50 51 21 50 20 51 22 20 33 23 53 21 11 33 53 23 30 
30 53 31 10 31 52 50 32 21 52 23 51 53 30 30 51 10 31 11 53 11 10 20 10 11 50 31 22 52 31 
22 51 20 51 23 11 10 31 20 33 32 33 53 21 33 20 51 21 30 20 53 22 10 30 11 51 30 10 11 11 
10 22 30 20 51 32 10 30 11 11 51 23 52 53 22 20 53 51 32 30 51 11 22 20 32 50 30 10 52 23 
21 21 21 53 23 31 11 22 50 51 22 20 52 11 10 10 10 20 11 33 33 52 21 11 30 22 30 53 11 31 
23 53 31 11 22 33 10 31 11 33 23 11 50 33 30 11 50 10 50 11 31 31 32 30 30 30 23 23 51 51 
11 31 32 32 51 10 51 30 22 33 51 30 50 51 31 10 10 22 51 50 10 51 10 10 23 52 53 23 53 31 
53 11 52 31 11 30 20 20 11 53 53 21 32 52 21 51 31 11 22 52 33 52 30 30 33 31 11 11 32 30 
22 31 33 30 20 23 51 52 22 50 32 11 32 52 11 51 20 11 11 32 33 11 11 10 52 23 30 20 52 50 
20 53 51 53 10 22 20 32 32 53 21 31 33 52 33 10 31 10 32 30 53 53 50 50 10 20 33 32 50 33 
31 33 33 51 32 33 11 11 11 20 31 33 11 22 32 20 32 50 31 20 20 30 10 52 50 11 11 32 21 30 
