20
30 33 11 10 21 31 20 32 10 20 31 10 23 22 10 32 32 31 21 32 
22 20 31 22 21 10 52 31 32 53 31 30 10 11 20 31 51 22 53 32 
33 10 32 10 31 22 53 51 21 10 20 51 52 53 21 32 10 20 23 33 
50 53 10 52 52 51 10 33 32 53 11 51 53 20 31 51 53 51 11 22 
30 23 51 21 10 52 31 31 33 22 30 52 30 22 21 50 30 32 33 33 
31 11 10 11 53 50 53 52 32 23 33 53 53 50 10 53 10 11 53 21 
30 10 11 10 50 10 20 50 31 11 51 23 21 32 30 20 23 10 50 22 
30 10 51 30 20 52 32 23 11 53 50 11 23 31 51 33 50 51 50 31 
31 53 51 21 30 52 22 53 11 52 20 21 52 10 53 32 51 32 50 33 
23 20 20 53 10 52 30 33 31 33 20 52 51 22 50 52 51 30 22 52 
30 32 32 33 21 32 30 22 20 50 51 53 32 31 31 21 31 31 32 30 
33 21 10 23 11 33 51 53 22 20 32 11 32 23 11 50 10 22 22 21 
10 33 31 10 50 11 23 32 52 11 52 50 50 53 20 21 50 51 52 51 
53 50 53 52 32 21 53 51 11 50 52 21 53 51 50 30 32 32 32 10 
53 31 23 50 30 20 10 31 22 51 33 30 10 11 52 52 10 11 32 11 
21 33 11 23 10 10 50 31 21 53 51 21 31 10 32 31 11 51 30 32 
30 30 20 20 11 53 51 30 10 23 11 30 22 51 51 10 32 51 10 32 
11 33 33 22 22 22 53 52 32 20 23 33 50 21 50 10 10 53 53 33 
52 50 11 51 52 23 50 10 30 53 33 53 23 10 52 51 22 33 53 31 
32 30 11 23 31 33 30 20 23 30 33 51 33 30 32 33 33 23 51 31 
