20
33 32 33 32 20 32 10 22 30 23 11 33 23 52 51 32 31 23 30 22 
10 50 50 10 50 11 52 50 53 52 30 21 21 33 23 30 33 51 31 53 
11 30 31 11 20 33 32 33 11 50 51 10 22 33 31 32 50 51 10 23 
10 33 30 20 10 23 53 33 31 31 52 50 50 10 53 32 50 31 31 30 
11 11 30 50 52 33 52 52 50 22 20 50 52 23 31 21 23 32 50 11 
51 21 21 23 21 20 31 31 10 31 32 53 30 11 22 51 30 20 52 23 
51 30 31 30 33 52 53 10 52 50 51 52 33 53 53 32 20 51 33 31 
50 21 51 51 50 51 20 10 20 33 51 22 33 10 30 10 11 23 32 10 
30 21 52 21 50 20 10 20 51 32 23 50 50 52 20 52 50 20 21 53 
33 51 23 33 10 30 32 33 50 22 50 21 30 10 52 53 23 23 23 32 
31 10 33 21 33 52 51 50 50 23 51 10 22 21 23 30 23 22 23 31 
52 51 33 10 30 22 33 30 52 50 20 23 51 11 11 53 10 53 51 32 
53 30 21 53 11 51 23 23 20 10 10 10 52 11 31 51 33 10 21 51 
22 22 11 32 23 20 52 53 30 51 23 21 53 52 30 51 21 31 32 32 
30 22 32 51 23 30 50 50 32 30 20 11 51 20 21 11 53 10 50 32 
32 50 10 20 30 10 23 52 22 21 52 20 22 32 10 11 11 22 53 11 
32 21 30 33 11 10 10 20 11 31 31 30 32 50 20 30 11 11 20 23 
30 10 50 52 53 52 51 50 52 21 21 53 51 52 11 22 10 52 53 31 
21 11 10 22 10 11 10 52 32 53 32 10 31 31 52 52 31 31 32 30 
32 31 11 10 21 30 32 31 33 23 30 53 11 33 30 21 10 11 10 20 
