25
33 30 11 10 10 10 50 52 33 33 31 32 22 33 32 23 33 31 22 33 33 20 32 22 31 
50 10 50 21 31 52 50 23 31 51 22 30 11 10 10 52 53 23 10 33 52 50 10 53 50 
30 32 31 53 31 32 52 51 31 50 33 10 21 51 52 10 31 32 11 23 50 50 20 30 50 
31 21 50 53 30 31 20 50 10 50 30 10 30 51 53 23 30 53 51 51 30 31 32 31 50 
51 31 20 10 51 51 10 53 52 11 11 23 30 11 20 10 23 23 51 33 10 21 11 31 32 
10 31 21 32 20 32 33 22 51 21 33 33 10 51 51 33 33 32 51 11 53 21 23 23 33 
11 31 50 31 31 32 32 50 10 10 52 22 22 51 51 23 33 23 50 33 22 32 11 10 33 
21 52 11 31 51 50 11 53 31 21 50 53 30 11 33 31 53 31 11 10 23 52 52 50 52 
31 51 10 22 30 31 33 53 53 23 32 53 10 53 31 23 51 23 52 23 11 50 11 30 32 
20 53 51 53 20 10 31 33 20 10 21 52 10 50 23 31 52 51 53 52 50 30 32 22 22 
33 30 20 20 20 22 51 33 31 52 30 33 10 50 21 53 23 31 11 33 53 10 50 50 11 
30 22 52 53 23 31 50 23 23 52 50 30 22 52 11 33 21 52 20 32 53 53 33 31 33 
31 53 21 21 53 33 21 50 52 52 30 32 50 52 52 30 11 21 30 32 32 22 30 22 20 
31 31 51 20 50 52 20 21 30 50 51 52 52 33 50 51 50 30 33 50 50 52 53 52 33 
52 10 52 32 33 50 21 31 20 53 22 23 52 21 31 11 53 51 53 51 10 11 32 50 32 
11 31 20 33 23 50 23 51 22 11 30 51 31 31 21 23 33 23 51 10 32 23 33 51 31 
33 33 53 11 51 50 11 30 23 50 31 52 11 52 50 51 50 33 10 11 22 51 33 10 30 
30 51 50 31 32 31 11 32 51 10 30 52 10 52 32 11 11 31 51 10 11 20 30 20 22 
21 21 51 52 51 53 52 22 21 10 32 51 23 51 31 32 20 21 10 50 53 21 11 11 31 
30 32 50 51 30 11 31 53 32 10 11 53 22 23 51 51 20 32 10 11 23 50 10 11 31 
23 52 52 50 32 51 22 10 23 20 52 50 33 33 31 10 53 32 32 50 10 10 53 50 33 
33 11 31 50 22 11 11 30 52 32 32 23 50 20 22 52 20 11 32 51 11 31 11 23 23 
33 51 31 51 30 30 33 22 53 20 33 50 22 32 21 52 11 33 31 50 22 51 51 21 33 
31 11 32 53 11 31 31 21 31 11 21 50 52 31 22 51 30 21 32 10 30 51 32 51 30 
22 50 10 11 33 30 10 11 50 21 32 30 23 33 23 20 11 52 23 22 32 22 33 22 32 
