15
31 32 20 30 23 32 30 33 33 22 22 22 30 30 23 
20 10 51 53 50 20 11 51 23 53 20 31 10 31 50 
33 23 22 30 32 10 20 53 31 50 10 30 11 32 50 
32 10 11 32 51 53 33 52 21 10 30 31 52 50 22 
22 53 52 30 11 52 30 22 52 22 52 52 23 33 32 
31 33 51 32 33 52 11 53 51 23 51 32 20 31 10 
11 10 51 50 20 33 32 52 20 21 53 52 53 53 23 
50 50 33 30 51 51 53 52 30 30 22 51 31 51 21 
32 23 10 11 21 21 50 52 52 53 32 20 10 22 10 
33 21 32 10 11 50 33 30 52 20 11 31 21 23 33 
22 51 11 11 23 53 53 22 52 33 31 33 32 32 21 
20 32 30 30 53 50 33 52 20 23 51 20 51 52 52 
21 51 52 53 11 52 23 32 21 50 50 52 53 10 11 
30 10 30 53 10 30 31 20 50 23 30 10 32 31 11 
32 21 20 53 10 33 33 23 22 33 31 52 11 30 30 
